$ANSIBLE_VAULT;1.1;AES256
33653438613265656463373838383366313963323430626139346339633938613630383032393830
6662643262306432666361346632376366396236373532610a323236373766626634346130373632
33313536393034653735663037313164653132336434373335633831623638623336326632353334
6662323562313835330a376239356337623661383833336535303664633039643364396238313937
33646265336630373332383636626131633436376665626438613139313963373334356638386534
33623861323662343939353161616433356130646564613337396263333062383331613538636231
38636338346265353532396137353038373062646635666339653635653266393136363533333139
61663637363132316562613831326433326637336662336238346632386333356639356338646462
38626234323536356333313037343434333161623665313138356361613234653531656330326438
32376534356233376234303031343835313938353433613066653837633331353166306230393663
62626239666136373436643331663838376331643836353632613466653730646331333862303938
31333830613665306238323666353135346264306234616439653932323934313631366564373466
62663337313361383861303165373335376661353133323139663233373264633337646539396438
32316633346463363766323332616162643033633834383365623732373762376465396438343037
34643264663437353364353535393463303333616230343962313534373936636334303332643634
64643131666162613237646139353838393061393831323631653731636361373839633461613739
31356236623335383963663736613365396135316234663164343433303730306636613839303230
65643931643565343435316132386663373934313137313638343763396264356535636366643363
61303630646538653266363965376436623834343139663538376138393232353865613438343366
30386464366337646536313032353530663130313665326335356463306463633134646135643430
66336536366135633765626232643338336531656237306635663130633461356261306263363733
63373335323362303734633564646438313634383635613231366564396230393838646161383064
63343263346536653638323162626233353864646665303633626530306264333038653064393265
66303437303333303465393361363662376236633531333065303539323938353835613931373431
35366166313563373938343737366266386536663433636536636230646463386466316232353936
34386435383230323464616139303365653136346563643339616332396334326236303135363139
62613134373230333964373534393035326534306631396564316637333639643735393266393766
36646330386538393834376564306564393739373362316338383565393064373062663434393366
62383166646436396332643430663538343933626365383066343666303538303430396366663763
65303938623162616333336538346331333437373432366265323738383763396431653035383532
33663731393766613238386161613436653530306264656130396436356565663565623962653031
35386134613032356632336466343563363239656132346335663461313262386330393762356532
61343766353463343231643434316638396634363133363564356438613734623634613833333838
32313933373165353964633265353030363763363761643733643965316363326332633062343534
62353337323735306332313939316436616331633939623631666433326436303537616361653334
35623235633037373663353232313736313132663438393834306435666261303537313031366364
35386132616262333834363030396334393361313665616537653138626364376430656631316335
32393638616265326165626464333034303332366264363031356565383137646235646564363337
33366332306133613465646338313661343234366239393736626336343034346663306135653731
39396135303138613537363537323238366464616564323136623539653531623931333839316664
32323336346365303430363031373435353539366662393330373362366334353434376132393363
66366561373162333932353462653936323537333334393363346466393935623237633332323233
64363263636431646261356465363732363964653366313565326330373833643836346132346639
33363838626466633732386263386365306462336436363663346633363663313464333335386666
65653733373637373366363731303061313935303132336435343038663030353632363462643839
30366432623137333239363735613462643066613534663561613865333138653566336464643530
30643134666663326533373463306334376438383961633734623161636632306537623261633334
36386664303934626635643935393563373030636532663265653930333335393733653662616663
35616664336166323831333662663530326431313466343933636639643966613834373330303031
35633035383830386164303962656161386331356166396166666464613939663066666163636231
61653638653135376535363934373035363164643233366332666338353533346336383139383164
38303862613230653166633137646133616662316436363035336534613930643331393233373664
31306335326433323061333238316663633230363033353064316334326130356533366239653434
36393763633862633532356666336331646464633561313132326465616134663537633962333138
66623638633332386138396561393465363832666630626436636132646161373064646533303736
36363165393565323766366364306433396562393666393535373831376661363765313361393134
66396632376336626631303832623766343138666338373532393131306433396136376233313830
34613131393739393266656162663161663837646534623363333865613161636138646563393031
64363932313361633438656339393931613363396332613663313535356363643035363730363937
30643333616661303934383431386462336131366437626438663031376264623231303261343037
35303231373439346236333862656165376537313832333934323836333032623233313663336563
66316532303361643763656435643634383835616334613732323238383462356164323136383230
66306534303932326530656435626366343330303630306265393131663266646366663062346631
30653035646530353032633431333065316461666138366639633233636564396538373835646231
39313639653964323266316238623564636366376466383735613765313062313063363639326666
64376265623465646134376164393536326161636161663934313435366365333130333763376130
35346263663639613034623161613764666466303465386431306530613230343033353932313562
36323330623131326462623964366366333638333837383636646333366435643263353264316433
66396563313161313764316331326464373261363663393366376234326636383538323935663836
37303733353639333763386639386531393064666434306439386633323635313561643931356361
35306431666263613965623561363862643161653133383166353039393664366233636461313162
37373133323861613165623365383664306135353936393930386339623131313133303561373335
39386335326135363537346335353935613866653661336164366239653063393066643238376533
34313361643232326139336363666461656138326537646465343436653736363961663437303230
35336263326665633065666636303539656135326132393732333963353763313433623261663366
37323139396665343763636166363939356534353963643930616262303932623037633636666630
37646632363239306164626136383439363930646337323938373863646437323061623264313464
35613538383530393662386166653232316331396361646463386565323763373264613838326363
34373630363365333231636162366136323734656261346433636331616531363033386333356135
65366330353635363136396231373863643366643338656334643664383933303430396637666364
66313432623939633239346165323735383365346336393964653439373564666439353132323861
61386232623233633633626236363465643966646433313163323065373635363737663861653562
32663361366632356264626165333366383235353061313830626437363233373232373964616134
62393235346563353832613264303533346431653965323639363031613965653163636335373462
66653630396262336163656164373639313936613863373432666531393631393835
