$ANSIBLE_VAULT;1.1;AES256
62306633616231346262303165366462656262656532616365663231383838356239626631656437
3030376538613061396336663938636331363632653137310a373061643739353761303330353166
38623539666537353163656538383364323835623530353364376630303935616130353036363530
6534353234306532370a316134316465343532333661306336333937336565666434346439346362
32303066393162326239623665316266396339386664643966613735393033353439643036333936
37656330616136303934656534636432326334333163646364376437316366353664306433633063
65623538373238306434316233663034643766373166386633633065623565303934363864363765
33303733343835613066663565313532383939653132363633376330343564306139323033623630
66363262353537613164613635643764643262346337663138376133313534626336396662316235
39633564376166613538353836623832616565373333633730386233663838653735393436653238
63663139396466316438323731666637313633323066333665393836316164633531366264336532
37623032663266353534333834646330346132333761396665353533376139633737313762313333
35363334346261323661373537303264393766373262376239326137396334636431383764366362
33656265353537343163313261346630373430393737336236373064646130343231656239623037
34663735613838313733373431636166653838626534373333656262616331386366613534643437
38646134663435656236626566313666393061633561613530303763346662373562306563376132
63323663393765613664333330326261396436303632353864333031336165653736336263393431
65306539623138616337643066333936373464616162633631633030653433323566323439356161
39333730386266613639653730333339306361393564633339666331386137663536313533663833
32323863353865633362393262356666646530613365366439383937663862653863376464656462
32323030316538666133386562663532383738656330346238646639646639326562336663646566
62666435366432386135643034323462616664386338383661633166663136643131626233373334
31306534643265336132343738616234393362313666346262363334326139373730663430313063
35306437633366363465393764336364303765303866346366393764353665396336383163343733
39323733343335623334323730306135393736663665663965363237656634343739656630633734
31646261323534383362366661353863633231346563366663653130313664366565626430326661
65363136373362663836653461663065653863323338303938386364633930316361376232666261
63363863393532633664633832653061333730623837373436663166633939633463646664326463
37656661363339663336373637366336373038633931646332613439623465353162393737316233
62373663393534306631613537393161623761633630363765623939353663393536643432333336
63353837323437643333393930313766616136343335326463333738333436623365626330343236
31373661613233343537633861626337373038336662396536353533376332626533336563303038
61666166656331366565383835666639643834646235393134313236333265313433613430643631
65306165343935333366336135333961333335643765343232666130663139326334363362313636
31373934653432313638303138636166343265353065646262323864326433396231383034373933
61633933386562343032353938333232303164653831666230633964333430396664393539393532
63333435393862333034663236366239386662353831346261323065303534626133343130323937
66623534366239653466666337363033376533326162333362323036643539613634656430336533
65316632333830326534303466363134383434333738363964346636613363353737373362643863
33623633626363656466653864626661353432616532313165376435363266323161343937623630
38353430393966663434623330323061636632623337363966643939623062373231626334663539
33623536393135363636383739623930396230633938326265323336343765343061656137396165
32623237636431326263616234343033343661383131336333353061383231633461643062303266
61323563303366363332376233303865666237636566663461373033663431383539396266353235
61643433313434636537626662356432633564623838623338343565313163616232646262613733
63633562363563646237306262343637303233323838626638356264623930633233356438386235
39656364396539656631353333363466636361636163316139666131636666653438333330346536
65636264623431376534366331653764383432363230356439306237663462326539633764376166
62373966326432356162643665373765623664646665386566653961386433646137353734336662
35386130666632373730366561316136653763346133366464326565373538643134323730623337
35383661383530373233633563666466366165353233366139393435393436323933636637663039
32346166333264333764313834373131656563386135366236623932623132323966303962373634
62623838376438373766383765626430643065623537356537336263616133633662396136366537
38613439646537353330663166393462323436366531353639663438623138393734613537636631
37336564373930333232383935663033316263386566623166396232633663336538343237613833
65373936633239343765663738656263616533666161303161646636303562373833643735653861
30396430343663326664316263303338353865663161616364383233353465333361313030616561
61633633346632373864616137383066663765663264366465353732646139646564633137316566
66656439643166666631633032303165366262656438346338363831333966316530363938353130
32333062363730323561616532663031613436663433393737663066383837383863343861396334
64313861653038356535356265353030613339393135623536636565363031323662653732383964
36656135636230636536346336313832376233306662356266383138663630373662393564383238
37336132616563373535306466356236353630343332323637346136393934323836346263343032
65636436313731303237366132336434643162643931656462386136653264346330623038353161
30646435623763356432653734626437373566666266613339643030386538383233313964633966
65333932623964356432383339663031363630353533333932663035346637306338663838653436
61323637626533316433666133613638333435666531333662313637303166333235363963323033
37663934613333636466306632613834373961646538333231353164613636373264316663663738
32373733383039663432666561663532373236666437656639333738663331363736333061643434
63383438343933353765643338383564623563373839653461346431373066386364383331653961
61626132393936616262393636313835616666306464356166633738356536653737373564353139
65396134633461613737373932333336636238306564623033333564363664383166363265616565
38373035326131643436623361323165636237643462336465353735316137663835646632333031
64313439643565333036303234316464613466386661343263323333353839373637623932323366
33633036383365653836393337386135663434643965393533616532653134306565323766366536
32346330393937623733656335303533646535323332656639323437313435333063333266346631
38353233376530653931363339313133646638393234646162626636306161336664303861636435
62346430323566633265636132653464373837393834353364363237396432343331383832646662
61393539633930383730333133393738313933373063666363313364343237353462343138383664
66636639313230303339363763363230313338353931373261346466363736613533323534356361
31356630346166373434653232353062303661393234623862646232313939343366663261383236
31633963373937393235303235313033393933636365303037303335316539653138303130386163
33323666303134636438343632633935383336393663396638363130303032656631366365396435
62303034613233356532343265393135353062613865653738346132643934323538306237373831
31303938336366353236366632376265373636356566303662303535393135353963303264306263
66636666333431353964373264383337373236366562333663333433643566396136316437633462
62386365386364333138353763303636633336643330633934323362616462376661633135343834
37643761343166353737356562396464656236363665653661663963313462343837346136663061
61353535366639363938303434353335623962343436666662363336363964626265353462326133
37326137633137383231653662316438383733643938663763303735646138653165306562373034
63356664623063616531393466393761323338393161373962343061646434306462356463656535
34386330383533616265626632353866393363633438336439386366353336303566383932383336
32333261396462316462656338663161633339366463393361623036333438336165353264643339
66636530666237393661386430643634303531386364613666303666633765353738313934616266
64303039333832336130653232373965633832343161653938386331316563356634303964633431
65333562643038663736626466373361303266336233653638346639323664386536623337643330
62613665633731373963656166303139623466396635613361353534666237653935343966653830
34626530316332666435353531623330636632373665393730616332613766613839633766616639
39353437623666323536326362333739636239313864613866656462376336623864383132323064
35336538646230313733343738656233393331623333376235323539383639323334383365666233
64356430393637643736373936613631313265303335373933636531353637323139613230646363
39353838616463313933326532646432393530643966303366343533316365303533353130343931
63656131316634313635666338653566636237353834323233313435663865346239333235373235
38386338313539663863336532333838396135366461373063373338626536363434303066316562
65386137383162386635626332336464346338346566313334393437323731633933643365666465
61383033386136613532373030303838353433663461333465393865653363636230326137646136
33363164373035663165613937373966393461663434353334323737393134336466313266653638
35636265663437636236343836643738393135306638306432393666653664353661366333363266
39643130633931316533646363666537373164633334333737353337343161633730626266383261
65623234643666666463633136613932343433656538393364353061356133323666666338383734
39633961323438336235663064656131376564393264393833353636316530313533393031333962
35306565616637613965623466336532636262346665346434656332386166333838393436663762
64613232333364366235316139303830376662653533313638363366383232313965636534646635
35346639616237316563663036323239343962636361333733393337386537333764393065336330
64313463316531306637323332376638626666383031626332333265336464613030653532313535
36336163373033363430333837636539323066646238366230386638353639633463626266653037
34663864353563353336323031613866313031373732376534356534353232383037633838316232
64666265663834336461336365393065303961396634656434353335396563386439666265323031
38396335623830666162383266643739666339366533643565383162363461313330353039306436
33376538623339316461636136616432616461396534386464383234613434353230373731393139
33623937646439333163663831316233303838353661343033303762353562646662326366363764
66623166626535316534306137643465376366393130383265393465613461636236323362386532
38623236623936616465643763633234363436393435363766383065613734353563626663623933
34396162343032663237333765343763306232613732336433353539626231323861623163303364
64633539383934356439306364373230323765393930623534643337646462343862313762343166
30363434326238653238353530626436313330393730633163396534623638353431656566663138
62303635333036656162326539663037383730363539643965383736663961343630666539383335
36643631343466353037336661356439623462663934633434313330663634623431353862366432
62643764333834633436356432386561323631323462663536383730346239323330663464306562
34653335636364313338633865376536323461386131666230616231623431636430306566653537
64333864643961313763373165666164363832316362633435663933313661326434303266323139
31343166336133636632643738333631633930656263363536323065373966656632343662643864
32363233363236326131333539653165356166356134346162386536653534646231646539616661
6235303965643533633935353534393132343734323830316665
