$ANSIBLE_VAULT;1.1;AES256
63613165623433396639346663313831613665393466323930333364303966376432633031353065
3931353164346434343939633662346665663437633864390a393839393938623934663339306530
35313162633734363330303665633165663830333236613838363130636231623165346530393334
6638626533303836640a313038383263313239306636306237656537376163343933353230353930
66303765646232313064366363333266366639646637613030646461333234383264366130663863
32333735643835356364383931646664336639306632363564323431643435386566633237616466
39396161393830653461386665356232353637333763303434633036333834636139363836393237
36616533646239396564653731383835353839653037313163623036333635386466373336666637
65363632353634383630663733343132663634356332373765666430623636386363383163386266
65636165663064663363393466366534396661613835376138313361616661333530386165383363
35313664353833383933396662333937613836343639326139643863656361636433383834316334
63653136366632363762666536666661333731613364346666363263323161376539366666383163
32653430383337346138623137323337383961303238663235306530363236646132323762633963
33646132393036656439393430376561393630633763333633373532623763373938316332313936
34666261393734303861326562643161343134633264363765343366396336646231303038396261
34326130316162623462616335353362356139363865366330356237633964353266313662366461
36343565313731316562306332336131626435316635663331653738343230663830313665303962
36643231343635353338313833653565393337613835383066316566353334656562306137303838
62343939613962666166623665306634333431646332633835303662316636656364616330306634
65363863616362303938353930326633396564306138633530373236613035663665313037306437
38633334323633396363653633356333363036343035643165383962636461363435393535666332
64303533343439626365356530656565366239333438333166653035393762633639376661396466
61336661643636633438353835316439643463646436383133336438633136613839386634633830
61343264366134663063366636613963363530303133616234333634393639666237383464633465
65316565656630623166363866393638363630633532346534376665636261623034323438366638
63623637613733316237633734333035363337366531333332363131396135363631363964613364
64343962333464623462346136656635653038663039623064323865313738633765623239323964
38363538326238346361623638653366323566653662643635323733376361643339306362333036
37313637636564383339636133396161633132626636386433663339353138616564366631666566
39656136383832333163303634623761386632333738336133376337613433643431396531343062
30323765633965363534613739626333663734326464343738663638643966616565356364376530
65646331613933316330386632633035613439313061323933303930386266386633666233646565
33633935626563373566303864386465376135303362393732656363636331356439633037313136
35356333633465623234663061386338646566633938333938333665323334343735386365303939
34643433373733633966626237653966666138643738366161393564303335363131326531626633
30323862623664336361383563373563623635663966626661303937656638316133323637623630
64393266313865653962336666343465356664373230636462333731633831313962346238663835
31363437393763656562616464316338366636633935396338363935316332356465643930376238
38343939653539656534386666343839663232396337623835303362383461353661376434323133
61323036303732643562346233386534323432343230386330383465336661376534353434346462
31646132333734323730316562663934303832653830636661653531373065303033336539333333
30346632396366313438613330386439623665346533323939633839376366373762313265646633
38616266346330363832346561383434376338333531376362643465616662663134653131383839
35303935306430306665303630636330636566643330383063616131366632666566653731373366
36633336386336376539343031376537626239333032616664343765373139656165306531366236
37333365306364303138386461643163616362323637373732366266386161313264346565303033
66363337383734343465653037366363353765346533346532376338396462636461313463373561
62373862313337333831373666623738356439623538633262623536376562336230656333393964
64636662663634323336613531643834633032373732303130343936303331653635643932613439
65613161656235633461656165333863656633636630306635653336393433356565316530633764
35653337343838663636613636336461376432653237626136333264313130353665356333623763
36633832313662646230633632316331613462623236636266393035373735663131396462633866
38366635633231666539306565646661316363633135346531656666386263393034336631396435
64613132353939343263306236663765656161316361313463396464636334616464633830626335
39646534653864376134633636313964666561343931623665383566366432363766653366383035
37623539316161333039613362373936616435303866626533313632633965336432663661313939
38616639653963646264643562636536393536393236373731303039646561363430373664643433
62303263626438376539343331633332356238653436623932653530633961343333623836616134
61356636626637336532306538306230333363303661373662353862306266383139306561646438
66343032613832353333366461666336323663353135386331643361373233383564353635383235
64643338316638336231656561646562316132376336303335396636636539366566376165346636
35663535326463663434663364386462663663616336336433393463303438313939626531616461
64666362663136323339346534663337653839363737343033613961653062623462393032303363
37363832643732393934396539303765303263643061393263646461333966346661346465303236
34363138363534616165363930643531653061373630613430373239343563656139636163306231
39643066393537663730346531636163323536326662313866323331336630626431353039643161
62343738313633613164333366623434383465393964306536663532383466303635383331626534
38633836326439346163633033356530353762303666366539646164636161623665646437303230
30353963336234613531333731376137663539643565613561643265346433623530353165343366
37666161346165333634393835663934396630666138646565313135313630623164623866343234
39353939633137623130633164623830353663316263323035663339613630363566663062333638
35613339373461643061303235386237643337396466383036313363343130393839373430646563
39666130316631383763613166353462353362393734383030396137666366396161346664623736
38633566366630376333343461383134333032643731656231353763353135373266623634333135
38306231366534333932363036383137353436336262326534333232623533636165373566333663
31343766336437336534313838323835633666303134613064623535326531666236303730333930
30333639363238333330633564636536613362373932646462313636393437333865653562626238
65303236643335373333393138386231623462346337316162316263626663313765663866653839
38353666666538616562386230366363633661393633613233336132326233336264303766306239
62353264383736306362626230323461663530306264656233353762333931666434656461666330
30303164366633353239653564366264633635376335353265646131366161346136303863646465
39653036623536333430316166346666666330383966636438323138306166323535376461336237
63373332616234343063656261323532666639316239353231323735366533353930643463376633
33343535373138633962653766333735623135373161636663666366626432356663383963383163
38366362623234613234376661663361613532613331366461356138613063616163393261336337
63323866303566353438616535356634333763633562326133653064313962663033626539386438
64373735363263653032336564666238633333643737363339646464633532336639333636333938
64383465646163633031653262363766356231363333623532613638663631646439313466613861
38653238363532633332653965613862306366643665653535323234323061613432663234643533
63333762663161636264373830323661316565323431643931306266393530666636653162356666
61623364636363373230306239303732383137346563356435363639346531656130343164643964
65353238636633623733306237313535666335363262333462643031303665386232363961366464
65393537343462666462656565393264303038343964363465373266343061326135656233343236
32613035663961356233393863333431323734363262653234376265366237383835326264626238
37313235623563633165306636316464363439356631643662303035633439373262643438366233
33333038653163316261626239316634393231613866396166366337646536623238663864313331
33396335653433616133373738366666373163323738633936343665366661373338363237363466
33373239346164306336396661626561396336663363616561303136336364383636626461386538
31303663323438363336356335393531666564383831343137613536363237663265393363316461
62306531373334646438643435653433613866636663316139303936323066316661646138303332
63623563646565336333363865303861333230366366303830643339643063346366316330663162
33306232383764633863306438653761333835346263666235373366386537626636633437663338
64363464336437383364313061333130616138326136353437393762386533306136626438626266
63646436396562393663613664356333323163626534646366643735336632653461303164663231
66653836613265373230346131313765373337636463353833363462323666346162346561393434
35616466376666303637346465323838643062666464663033633664636435346162653535333437
31613031376564666532303630353737613666326139663063383938386161326566343863636165
34326639313639646362336432643538646461663063633839336635646163356231303330366331
34373337326637303261393062373838313839393234393233393639613339333532346664363034
61663137363862373766643163643439356433306130326165353136346336346161383164363936
36653831376666373062306466623830356638316435313737616238393230646361373439326336
33316336643365356163333064626631373633633861653465366432646235386337306362633135
62656464303038316133346238366536616466663863383161623436666436666230656639336434
36323466383462303464396635306432373535333538636564353033346638363539626563313133
61343665633031616662353461373063373737633163316431353230356338623364316431393665
32393964616331613366346235613136613431656637366536383366356133653263323932646238
65643431633339653539313035636461356330313338613238313439653666306135646333363561
33653665393463633438623763313064623736373030336265386333353739393632346661623535
62663865313265663737653331666666346239333865653732623266303239633231336461616362
39663732386433326335316566623638336263646530373562366437383566343666363162353530
63616130633366366364366165326337616361656161343737626438663537383262623036373461
31376331366330353964303733633363356666333030393536313564643331613562623065636262
33633631376238343531656133633732303861626465333334383565383139616135383337373332
30663238643534336333623264393537643966353039306532303037366265616432313034363761
34353861633564303835613135643761336138323566373432376165343036616530613763373432
33346536616466643030346465353865633364323530353931326434343432653632383765633066
32663662626365353966643231326538383866663761313836613432656333323163366339663739
36363162616663666332353531303162393633363265313435636563383238363664626332383131
38363664653739623637666439366333633831626438626435383961376536353832346164343366
30363362373165663363376333653631303030313035363162336636346164333731643732333332
65656638393562393935343834366537323038623834653162656137343265396432643531623161
33366230643563363466613862363334353531626531326534353865633637303539616537396435
61613562643162353838346461326235303237303465383638653463666439313833616566656433
39366562326663656136396336306565663965613463313665666232663764613332366434653931
66366264643134646136356132396338356438646166616464613436356562343936613238343265
35313838663063393663393061323337313135383632653864393836323536633031646334643838
39343765376337636462333633623730366233376632373730313236656436666134393730326638
37313862346633616438373937626165386639336164643763373765656466386632623834633662
62376661653138643862383832306337383566333738353061623137356632316437663162336433
32613566393036356532393030633230346631643437306136336238396362613165303130346337
33616639623635376137323539313465626434646562363865626339336664333965626438346439
62376437366533613130363436306132646434383531656264376639343233326534656132356531
37336236386138343336373235363134636364393435383736316466356439383933396235396664
63643533326438613765653838316632333966396264383133313063343539653436343664623039
30313163333836356336636434383066333937313963383162383162646333656239663565376531
63643432333362323862626138653232383036353138336665393362313330643335386537646230
31333539346631376134653863663530323530616539336433373133306563663563373561353765
32313565353362366565386130306632333663303138333333666130366165343133313335633365
33646332386162333236316239346635656430386639373466366530646137636630663134336364
38303661356562306464636437343962656663316433396563343734666366356239613562333731
64623839343462633466306165333933336335336661623264346136326230613636333936383764
37343837366633326637613934346163386335653831353438656364666231656230363438663632
61336538643533383137623565313832383437666437396537643838323439656230323166353339
37316161636233333264313939323132313133343936616437363266636661346164313032383134
36623065633865346335393937366663333065316632663931663539656434653262326438626665
36663330386466613663633835646535353232366631303761393066626332633432326465333231
34393465343230313864336361656630393064336566353234376130646434303865633665326465
36356539376531363130373337646365356364393962633037633332656533646338616537633566
63613038623635366136386532323365616331303732383934323662663366383462386237303561
31656466626161393937396638366166373361636432303138353364623033333735363331373339
35343732363737303137653730336134363062363732356163303032313831303465343164333435
32356563373766336634396536336230663837643239353237656538613533366261636339313633
31356262316331323436376464666135393465656662643234366664366261386432663533306131
31353231333533393835383432356434383630313233336663386539393537373236386562313133
30636530313263353761303833396438623761386130633839323737343433663562663733336130
62663364643233303634646663333533363165633131383333343536303831663465313739636533
35396132633433366637313538636134386432316463316133663762663934333363336465303439
31343030656231353837393065336139326239313930643731363464636538313266636239346537
66353934333036303935316366356239623461373133356463613838396432333965623733386534
39316662653935393635313462666334653761313133383265383131356538393339623135353530
37373337356135353739636339373565306538393463333266613436353066623932666362666461
35633839363331623062616532313864666139616236616466336530656562623035373334653837
32393836383363616564626335616163653937616337326631646635366335336639623838626666
34633866343836626264323365396261303966613365306362323438373464373439653638306636
32303832313034663030653430306263613064326338333830373066623732633533336564616664
66656662393733323534303430336666663336323637306633363366663363636661356338343233
65356335623836346332623733666133643762346434363561313934646261396562663863343034
38383639343136616634366338323738346234343462636661646137396666343839393434636461
33303264343833303438616638343336303264376437653661346132336366666630346237386561
63373134303539386439
